# name: debug
# type: sparse matrix
# nnz: 108
# rows: 10
# columns: 10

1 1 5.616987019
2 1 0.000000000
3 1 -0.284530390
4 1 -1.000000000
5 1 0.000000000
6 1 0.000000000
7 1 -1.000000000
8 1 0.000000000
9 1 -1.000000000
9 1 0.000000000
10 1 0.000000000
11 1 0.000000000
1 2 0.000000000
2 2 5.616987019
3 2 1.507234418
4 2 0.000000000
5 2 -1.000000000
6 2 0.000000000
7 2 0.000000000
8 2 -1.000000000
9 2 0.000000000
9 2 0.000000000
10 2 -1.000000000
11 2 0.000000000
1 3 -0.284530390
2 3 1.507234418
3 3 13.367039501
4 3 0.257101111
5 3 -2.007697268
6 3 -1.000000000
7 3 0.853029980
8 3 1.685256683
9 3 -0.825600701
9 3 0.000000000
10 3 -1.184793834
11 3 0.000000000
1 4 -1.000000000
2 4 0.000000000
3 4 0.257101111
4 4 3.616987019
5 4 0.000000000
6 4 1.082701812
9 4 -1.000000000
10 4 0.000000000
11 4 0.000000000
1 5 0.000000000
2 5 -1.000000000
3 5 -2.007697268
4 5 0.000000000
5 5 3.616987019
6 5 -0.822903434
9 5 0.000000000
10 5 -1.000000000
11 5 0.000000000
1 6 0.000000000
2 6 0.000000000
3 6 -1.000000000
4 6 1.082701812
5 6 -0.822903434
6 6 4.466400295
9 6 -1.082701812
10 6 0.822903434
11 6 0.000000000
1 7 -1.000000000
2 7 0.000000000
3 7 0.853029980
7 7 3.616987019
8 7 0.000000000
9 7 0.000000000
1 8 0.000000000
2 8 -1.000000000
3 8 1.685256683
7 8 2.000000000
8 8 1.616987019
9 8 0.000000000
1 9 0.000000000
1 9 -1.000000000
2 9 0.000000000
2 9 0.000000000
3 9 0.000000000
3 9 -0.825600701
4 9 -1.000000000
5 9 0.000000000
6 9 -1.082701812
7 9 0.000000000
8 9 0.000000000
9 9 1.616987019
9 9 3.616987019
10 9 0.000000000
11 9 0.000000000
1 10 0.000000000
2 10 -1.000000000
3 10 -1.184793834
4 10 0.000000000
5 10 -1.000000000
6 10 0.822903434
9 10 2.000000000
10 10 1.616987019
11 10 0.000000000
1 11 0.000000000
2 11 0.000000000
3 11 0.000000000
4 11 0.000000000
5 11 0.000000000
6 11 0.000000000
9 11 0.000000000
10 11 0.000000000
11 11 1.616987019
